theta_zero: 31659.166666667275
theta_one: 2914512627.08331